225 630 2
450 630 2
675 630 2
900 765 2
1125 765 2
1350 765 2
4275 765 2
4500 765 2
4725 765 2
5175 765 2
5625 765 2
6075 765 2
6300 765 2
6750 765 2
6975 765 2
7200 765 2
7425 765 2
7650 765 2
9675 765 2
9900 765 2
10125 765 2
10350 765 2
4950 810 2
5400 810 2
5850 810 2
1575 900 2
1800 900 2
2025 900 2
2250 900 2
2700 900 2
2925 900 2
3150 900 2
3375 900 2
3825 900 2
4050 900 2
2475 945 2
3600 945 2
6525 1125 2
7875 1125 2
8100 1125 2
8325 1125 2
8550 1125 2
8775 1125 2
9000 1125 2
9225 1125 2
9450 1125 2
