90 45 1 2
10485 45 0 2
90 90 1 2
10485 90 0 2
90 135 1 2
10485 135 0 2
90 180 1 2
10485 180 0 2
90 225 1 2
10485 225 0 2
90 270 1 2
10485 270 0 2
90 315 1 2
10485 315 0 2
90 360 1 2
10485 360 0 2
90 405 1 2
10485 405 0 2
90 450 1 2
10485 450 0 2
90 495 1 2
10485 495 0 2
90 540 1 2
10485 540 0 2
90 585 1 2
10485 585 0 2
90 630 1 2
10485 630 0 2
765 675 1 2
10485 675 0 2
765 720 1 2
10485 720 0 2
765 765 1 2
10485 765 0 2
1440 810 1 2
4185 810 0 2
6390 810 1 2
6660 810 0 2
7740 810 1 2
9585 810 0 2
1440 855 1 2
4185 855 0 2
6390 855 1 2
6660 855 0 2
7740 855 1 2
9585 855 0 2
1440 900 1 2
4185 900 0 2
6390 900 1 2
6660 900 0 2
7740 900 1 2
9585 900 0 2
6390 945 1 2
6660 945 0 2
7740 945 1 2
9585 945 0 2
6390 990 1 2
6660 990 0 2
7740 990 1 2
9585 990 0 2
6390 1035 1 2
6660 1035 0 2
7740 1035 1 2
9585 1035 0 2
6390 1080 1 2
6660 1080 0 2
7740 1080 1 2
9585 1080 0 2
6390 1125 1 2
6660 1125 0 2
7740 1125 1 2
9585 1125 0 2
